initial board
0 0 0 0 0 0 0 0 0
3 0 2 5 4 0 0 0 0
0 5 0 3 0 1 0 7 0
0 0 0 0 0 0 0 0 4
4 0 9 0 0 6 0 0 5
0 2 3 0 5 4 7 9 0
0 0 0 0 0 0 0 5 0
7 0 0 8 1 0 0 0 0
0 8 0 0 6 0 0 0 9

0 0 0 0 0 0 0 0 0
3 0 2 5 4 0 0 0 0
0 5 0 3 0 1 0 7 0
0 0 0 0 0 0 0 0 4
4 0 9 0 0 6 0 0 5
0 2 3 0 5 4 7 9 0
0 0 0 0 0 0 0 5 0
7 0 0 8 1 0 0 0 0
0 8 0 0 6 0 0 0 9

55 squares left
('assignments for', 'I6')
0 0 0 0 0 0 0 0 0
3 0 2 5 4 0 0 0 0
0 5 0 3 0 1 0 7 0
0 0 0 0 0 0 0 0 4
4 0 9 0 0 6 0 0 5
0 2 3 0 5 4 7 9 0
0 0 0 0 0 0 0 5 0
7 0 0 8 1 0 0 0 0
0 8 0 0 6 1 0 0 9

54 squares left
('assignments for', 'I7')
0 0 0 0 0 0 0 0 0
3 0 2 5 4 0 0 0 0
0 5 0 3 0 1 0 7 0
0 0 0 0 0 0 0 0 4
4 0 9 0 0 6 0 0 5
0 2 3 0 5 4 7 9 0
0 0 0 0 0 0 0 5 0
7 0 0 8 1 0 0 0 0
0 8 0 0 6 1 2 0 9

53 squares left
('assignments for', 'I1')
0 0 0 0 0 0 0 0 0
3 0 2 5 4 0 0 0 0
0 5 0 3 0 1 0 7 0
0 0 0 0 0 0 0 0 4
4 0 9 0 0 6 0 0 5
0 2 3 0 5 4 7 9 0
0 0 0 0 0 0 0 5 0
7 0 0 8 1 0 0 0 0
3 8 0 0 6 1 2 0 9

52 squares left
('assignments for', 'I3')
0 0 0 0 0 0 0 0 0
3 0 2 5 4 0 0 0 0
0 5 0 3 0 1 0 7 0
0 0 0 0 0 0 0 0 4
4 0 9 0 0 6 0 0 5
0 2 3 0 5 4 7 9 0
0 0 0 0 0 0 0 5 0
7 0 0 8 1 0 0 0 0
3 8 4 0 6 1 2 0 9

51 squares left
('assignments for', 'I4')
0 0 0 0 0 0 0 0 0
3 0 2 5 4 0 0 0 0
0 5 0 3 0 1 0 7 0
0 0 0 0 0 0 0 0 4
4 0 9 0 0 6 0 0 5
0 2 3 0 5 4 7 9 0
0 0 0 0 0 0 0 5 0
7 0 0 8 1 0 0 0 0
3 8 4 5 6 1 2 0 9

50 squares left
('assignments for', 'I8')
0 0 0 0 0 0 0 0 0
3 0 2 5 4 0 0 0 0
0 5 0 3 0 1 0 7 0
0 0 0 0 0 0 0 0 4
4 0 9 0 0 6 0 0 5
0 2 3 0 5 4 7 9 0
0 0 0 0 0 0 0 5 0
7 0 0 8 1 0 0 0 0
3 8 4 5 6 1 2 6 9

49 squares left
('assignments for', 'G7')
0 0 0 0 0 0 0 0 0
3 0 2 5 4 0 0 0 0
0 5 0 3 0 1 0 7 0
0 0 0 0 0 0 0 0 4
4 0 9 0 0 6 0 0 5
0 2 3 0 5 4 7 9 0
0 0 0 0 0 0 1 5 0
7 0 0 8 1 0 0 0 0
3 8 4 5 6 1 2 6 9

48 squares left
('assignments for', 'G3')
0 0 0 0 0 0 0 0 0
3 0 2 5 4 0 0 0 0
0 5 0 3 0 1 0 7 0
0 0 0 0 0 0 0 0 4
4 0 9 0 0 6 0 0 5
0 2 3 0 5 4 7 9 0
0 0 2 0 0 0 1 5 0
7 0 0 8 1 0 0 0 0
3 8 4 5 6 1 2 6 9

47 squares left
('assignments for', 'G2')
0 0 0 0 0 0 0 0 0
3 0 2 5 4 0 0 0 0
0 5 0 3 0 1 0 7 0
0 0 0 0 0 0 0 0 4
4 0 9 0 0 6 0 0 5
0 2 3 0 5 4 7 9 0
0 5 2 0 0 0 1 5 0
7 0 0 8 1 0 0 0 0
3 8 4 5 6 1 2 6 9

46 squares left
('assignments for', 'G1')
0 0 0 0 0 0 0 0 0
3 0 2 5 4 0 0 0 0
0 5 0 3 0 1 0 7 0
0 0 0 0 0 0 0 0 4
4 0 9 0 0 6 0 0 5
0 2 3 0 5 4 7 9 0
6 5 2 0 0 0 1 5 0
7 0 0 8 1 0 0 0 0
3 8 4 5 6 1 2 6 9

45 squares left
('assignments for', 'H2')
0 0 0 0 0 0 0 0 0
3 0 2 5 4 0 0 0 0
0 5 0 3 0 1 0 7 0
0 0 0 0 0 0 0 0 4
4 0 9 0 0 6 0 0 5
0 2 3 0 5 4 7 9 0
6 5 2 0 0 0 1 5 0
7 1 0 8 1 0 0 0 0
3 8 4 5 6 1 2 6 9

44 squares left
('assignments for', 'H3')
0 0 0 0 0 0 0 0 0
3 0 2 5 4 0 0 0 0
0 5 0 3 0 1 0 7 0
0 0 0 0 0 0 0 0 4
4 0 9 0 0 6 0 0 5
0 2 3 0 5 4 7 9 0
6 5 2 0 0 0 1 5 0
7 1 7 8 1 0 0 0 0
3 8 4 5 6 1 2 6 9

43 squares left
('assignments for', 'G6')
0 0 0 0 0 0 0 0 0
3 0 2 5 4 0 0 0 0
0 5 0 3 0 1 0 7 0
0 0 0 0 0 0 0 0 4
4 0 9 0 0 6 0 0 5
0 2 3 0 5 4 7 9 0
6 5 2 0 0 3 1 5 0
7 1 7 8 1 0 0 0 0
3 8 4 5 6 1 2 6 9

42 squares left
('assignments for', 'G5')
0 0 0 0 0 0 0 0 0
3 0 2 5 4 0 0 0 0
0 5 0 3 0 1 0 7 0
0 0 0 0 0 0 0 0 4
4 0 9 0 0 6 0 0 5
0 2 3 0 5 4 7 9 0
6 5 2 0 4 3 1 5 0
7 1 7 8 1 0 0 0 0
3 8 4 5 6 1 2 6 9

41 squares left
('assignments for', 'G4')
0 0 0 0 0 0 0 0 0
3 0 2 5 4 0 0 0 0
0 5 0 3 0 1 0 7 0
0 0 0 0 0 0 0 0 4
4 0 9 0 0 6 0 0 5
0 2 3 0 5 4 7 9 0
6 5 2 7 4 3 1 5 0
7 1 7 8 1 0 0 0 0
3 8 4 5 6 1 2 6 9

40 squares left
('assignments for', 'G9')
0 0 0 0 0 0 0 0 0
3 0 2 5 4 0 0 0 0
0 5 0 3 0 1 0 7 0
0 0 0 0 0 0 0 0 4
4 0 9 0 0 6 0 0 5
0 2 3 0 5 4 7 9 0
6 5 2 7 4 3 1 5 8
7 1 7 8 1 0 0 0 0
3 8 4 5 6 1 2 6 9

39 squares left
('assignments for', 'H9')
0 0 0 0 0 0 0 0 0
3 0 2 5 4 0 0 0 0
0 5 0 3 0 1 0 7 0
0 0 0 0 0 0 0 0 4
4 0 9 0 0 6 0 0 5
0 2 3 0 5 4 7 9 0
6 5 2 7 4 3 1 5 8
7 1 7 8 1 0 0 0 3
3 8 4 5 6 1 2 6 9

38 squares left
('assignments for', 'H8')
0 0 0 0 0 0 0 0 0
3 0 2 5 4 0 0 0 0
0 5 0 3 0 1 0 7 0
0 0 0 0 0 0 0 0 4
4 0 9 0 0 6 0 0 5
0 2 3 0 5 4 7 9 0
6 5 2 7 4 3 1 5 8
7 1 7 8 1 0 0 4 3
3 8 4 5 6 1 2 6 9

37 squares left
('assignments for', 'H7')
0 0 0 0 0 0 0 0 0
3 0 2 5 4 0 0 0 0
0 5 0 3 0 1 0 7 0
0 0 0 0 0 0 0 0 4
4 0 9 0 0 6 0 0 5
0 2 3 0 5 4 7 9 0
6 5 2 7 4 3 1 5 8
7 1 7 8 1 0 5 4 3
3 8 4 5 6 1 2 6 9

36 squares left
('assignments for', 'H6')
0 0 0 0 0 0 0 0 0
3 0 2 5 4 0 0 0 0
0 5 0 3 0 1 0 7 0
0 0 0 0 0 0 0 0 4
4 0 9 0 0 6 0 0 5
0 2 3 0 5 4 7 9 0
6 5 2 7 4 3 1 5 8
7 1 7 8 1 2 5 4 3
3 8 4 5 6 1 2 6 9

35 squares left
('assignments for', 'A3')
0 0 1 0 0 0 0 0 0
3 0 2 5 4 0 0 0 0
0 5 0 3 0 1 0 7 0
0 0 0 0 0 0 0 0 4
4 0 9 0 0 6 0 0 5
0 2 3 0 5 4 7 9 0
6 5 2 7 4 3 1 5 8
7 1 7 8 1 2 5 4 3
3 8 4 5 6 1 2 6 9

34 squares left
('assignments for', 'C3')
0 0 1 0 0 0 0 0 0
3 0 2 5 4 0 0 0 0
0 5 3 3 0 1 0 7 0
0 0 0 0 0 0 0 0 4
4 0 9 0 0 6 0 0 5
0 2 3 0 5 4 7 9 0
6 5 2 7 4 3 1 5 8
7 1 7 8 1 2 5 4 3
3 8 4 5 6 1 2 6 9

33 squares left
('assignments for', 'D3')
0 0 1 0 0 0 0 0 0
3 0 2 5 4 0 0 0 0
0 5 3 3 0 1 0 7 0
0 0 5 0 0 0 0 0 4
4 0 9 0 0 6 0 0 5
0 2 3 0 5 4 7 9 0
6 5 2 7 4 3 1 5 8
7 1 7 8 1 2 5 4 3
3 8 4 5 6 1 2 6 9

32 squares left
('assignments for', 'C7')
0 0 1 0 0 0 0 0 0
3 0 2 5 4 0 0 0 0
0 5 3 3 0 1 4 7 0
0 0 5 0 0 0 0 0 4
4 0 9 0 0 6 0 0 5
0 2 3 0 5 4 7 9 0
6 5 2 7 4 3 1 5 8
7 1 7 8 1 2 5 4 3
3 8 4 5 6 1 2 6 9

31 squares left
('assignments for', 'A7')
0 0 1 0 0 0 3 0 0
3 0 2 5 4 0 0 0 0
0 5 3 3 0 1 4 7 0
0 0 5 0 0 0 0 0 4
4 0 9 0 0 6 0 0 5
0 2 3 0 5 4 7 9 0
6 5 2 7 4 3 1 5 8
7 1 7 8 1 2 5 4 3
3 8 4 5 6 1 2 6 9

30 squares left
('assignments for', 'E7')
0 0 1 0 0 0 3 0 0
3 0 2 5 4 0 0 0 0
0 5 3 3 0 1 4 7 0
0 0 5 0 0 0 0 0 4
4 0 9 0 0 6 6 0 5
0 2 3 0 5 4 7 9 0
6 5 2 7 4 3 1 5 8
7 1 7 8 1 2 5 4 3
3 8 4 5 6 1 2 6 9

29 squares left
('assignments for', 'B7')
0 0 1 0 0 0 3 0 0
3 0 2 5 4 0 7 0 0
0 5 3 3 0 1 4 7 0
0 0 5 0 0 0 0 0 4
4 0 9 0 0 6 6 0 5
0 2 3 0 5 4 7 9 0
6 5 2 7 4 3 1 5 8
7 1 7 8 1 2 5 4 3
3 8 4 5 6 1 2 6 9

28 squares left
('assignments for', 'D7')
0 0 1 0 0 0 3 0 0
3 0 2 5 4 0 7 0 0
0 5 3 3 0 1 4 7 0
0 0 5 0 0 0 8 0 4
4 0 9 0 0 6 6 0 5
0 2 3 0 5 4 7 9 0
6 5 2 7 4 3 1 5 8
7 1 7 8 1 2 5 4 3
3 8 4 5 6 1 2 6 9

27 squares left
('assignments for', 'A8')
0 0 1 0 0 0 3 2 0
3 0 2 5 4 0 7 0 0
0 5 3 3 0 1 4 7 0
0 0 5 0 0 0 8 0 4
4 0 9 0 0 6 6 0 5
0 2 3 0 5 4 7 9 0
6 5 2 7 4 3 1 5 8
7 1 7 8 1 2 5 4 3
3 8 4 5 6 1 2 6 9

26 squares left
('assignments for', 'A9')
0 0 1 0 0 0 3 2 5
3 0 2 5 4 0 7 0 0
0 5 3 3 0 1 4 7 0
0 0 5 0 0 0 8 0 4
4 0 9 0 0 6 6 0 5
0 2 3 0 5 4 7 9 0
6 5 2 7 4 3 1 5 8
7 1 7 8 1 2 5 4 3
3 8 4 5 6 1 2 6 9

25 squares left
('assignments for', 'C9')
0 0 1 0 0 0 3 2 5
3 0 2 5 4 0 7 0 0
0 5 3 3 0 1 4 7 1
0 0 5 0 0 0 8 0 4
4 0 9 0 0 6 6 0 5
0 2 3 0 5 4 7 9 0
6 5 2 7 4 3 1 5 8
7 1 7 8 1 2 5 4 3
3 8 4 5 6 1 2 6 9

24 squares left
('assignments for', 'B9')
0 0 1 0 0 0 3 2 5
3 0 2 5 4 0 7 0 6
0 5 3 3 0 1 4 7 1
0 0 5 0 0 0 8 0 4
4 0 9 0 0 6 6 0 5
0 2 3 0 5 4 7 9 0
6 5 2 7 4 3 1 5 8
7 1 7 8 1 2 5 4 3
3 8 4 5 6 1 2 6 9

23 squares left
('assignments for', 'B8')
0 0 1 0 0 0 3 2 5
3 0 2 5 4 0 7 8 6
0 5 3 3 0 1 4 7 1
0 0 5 0 0 0 8 0 4
4 0 9 0 0 6 6 0 5
0 2 3 0 5 4 7 9 0
6 5 2 7 4 3 1 5 8
7 1 7 8 1 2 5 4 3
3 8 4 5 6 1 2 6 9

22 squares left
('assignments for', 'B6')
0 0 1 0 0 0 3 2 5
3 0 2 5 4 4 7 8 6
0 5 3 3 0 1 4 7 1
0 0 5 0 0 0 8 0 4
4 0 9 0 0 6 6 0 5
0 2 3 0 5 4 7 9 0
6 5 2 7 4 3 1 5 8
7 1 7 8 1 2 5 4 3
3 8 4 5 6 1 2 6 9

21 squares left
('assignments for', 'B2')
0 0 1 0 0 0 3 2 5
3 2 2 5 4 4 7 8 6
0 5 3 3 0 1 4 7 1
0 0 5 0 0 0 8 0 4
4 0 9 0 0 6 6 0 5
0 2 3 0 5 4 7 9 0
6 5 2 7 4 3 1 5 8
7 1 7 8 1 2 5 4 3
3 8 4 5 6 1 2 6 9

20 squares left
('assignments for', 'A4')
0 0 1 6 0 0 3 2 5
3 2 2 5 4 4 7 8 6
0 5 3 3 0 1 4 7 1
0 0 5 0 0 0 8 0 4
4 0 9 0 0 6 6 0 5
0 2 3 0 5 4 7 9 0
6 5 2 7 4 3 1 5 8
7 1 7 8 1 2 5 4 3
3 8 4 5 6 1 2 6 9

19 squares left
('assignments for', 'A5')
0 0 1 6 7 0 3 2 5
3 2 2 5 4 4 7 8 6
0 5 3 3 0 1 4 7 1
0 0 5 0 0 0 8 0 4
4 0 9 0 0 6 6 0 5
0 2 3 0 5 4 7 9 0
6 5 2 7 4 3 1 5 8
7 1 7 8 1 2 5 4 3
3 8 4 5 6 1 2 6 9

18 squares left
('assignments for', 'A6')
0 0 1 6 7 8 3 2 5
3 2 2 5 4 4 7 8 6
0 5 3 3 0 1 4 7 1
0 0 5 0 0 0 8 0 4
4 0 9 0 0 6 6 0 5
0 2 3 0 5 4 7 9 0
6 5 2 7 4 3 1 5 8
7 1 7 8 1 2 5 4 3
3 8 4 5 6 1 2 6 9

17 squares left
('assignments for', 'A1')
4 9 1 6 7 8 3 2 5
3 2 2 5 4 4 7 8 6
0 5 3 3 0 1 4 7 1
0 0 5 0 0 0 8 0 4
4 0 9 0 0 6 6 0 5
0 2 3 0 5 4 7 9 0
6 5 2 7 4 3 1 5 8
7 1 7 8 1 2 5 4 3
3 8 4 5 6 1 2 6 9

15 squares left
('assignments for', 'C5')
4 9 1 6 7 8 3 2 5
3 2 2 5 4 4 7 8 6
0 5 3 3 2 1 4 7 1
0 0 5 0 0 0 8 0 4
4 0 9 0 0 6 6 0 5
0 2 3 0 5 4 7 9 0
6 5 2 7 4 3 1 5 8
7 1 7 8 1 2 5 4 3
3 8 4 5 6 1 2 6 9

14 squares left
('assignments for', 'D6')
4 9 1 6 7 8 3 2 5
3 2 2 5 4 4 7 8 6
0 5 3 3 2 1 4 7 1
0 0 5 0 0 6 8 0 4
4 0 9 0 0 6 6 0 5
0 2 3 0 5 4 7 9 0
6 5 2 7 4 3 1 5 8
7 1 7 8 1 2 5 4 3
3 8 4 5 6 1 2 6 9

13 squares left
('assignments for', 'D5')
4 9 1 6 7 8 3 2 5
3 2 2 5 4 4 7 8 6
0 5 3 3 2 1 4 7 1
0 0 5 0 1 6 8 0 4
4 0 9 0 0 6 6 0 5
0 2 3 0 5 4 7 9 0
6 5 2 7 4 3 1 5 8
7 1 7 8 1 2 5 4 3
3 8 4 5 6 1 2 6 9

12 squares left
('assignments for', 'D8')
4 9 1 6 7 8 3 2 5
3 2 2 5 4 4 7 8 6
0 5 3 3 2 1 4 7 1
0 0 5 0 1 6 8 3 4
4 0 9 0 0 6 6 0 5
0 2 3 0 5 4 7 9 0
6 5 2 7 4 3 1 5 8
7 1 7 8 1 2 5 4 3
3 8 4 5 6 1 2 6 9

11 squares left
('assignments for', 'D2')
4 9 1 6 7 8 3 2 5
3 2 2 5 4 4 7 8 6
0 5 3 3 2 1 4 7 1
0 4 5 0 1 6 8 3 4
4 0 9 0 0 6 6 0 5
0 2 3 0 5 4 7 9 0
6 5 2 7 4 3 1 5 8
7 1 7 8 1 2 5 4 3
3 8 4 5 6 1 2 6 9

10 squares left
('assignments for', 'D4')
4 9 1 6 7 8 3 2 5
3 2 2 5 4 4 7 8 6
0 5 3 3 2 1 4 7 1
0 4 5 2 1 6 8 3 4
4 0 9 0 0 6 6 0 5
0 2 3 0 5 4 7 9 0
6 5 2 7 4 3 1 5 8
7 1 7 8 1 2 5 4 3
3 8 4 5 6 1 2 6 9

9 squares left
('assignments for', 'D1')
4 9 1 6 7 8 3 2 5
3 2 2 5 4 4 7 8 6
0 5 3 3 2 1 4 7 1
7 4 5 2 1 6 8 3 4
4 0 9 0 0 6 6 0 5
0 2 3 0 5 4 7 9 0
6 5 2 7 4 3 1 5 8
7 1 7 8 1 2 5 4 3
3 8 4 5 6 1 2 6 9

8 squares left
('assignments for', 'C1')
4 9 1 6 7 8 3 2 5
3 2 2 5 4 4 7 8 6
5 5 3 3 2 1 4 7 1
7 4 5 2 1 6 8 3 4
4 0 9 0 0 6 6 0 5
0 2 3 0 5 4 7 9 0
6 5 2 7 4 3 1 5 8
7 1 7 8 1 2 5 4 3
3 8 4 5 6 1 2 6 9

7 squares left
('assignments for', 'E2')
4 9 1 6 7 8 3 2 5
3 2 2 5 4 4 7 8 6
5 5 3 3 2 1 4 7 1
7 4 5 2 1 6 8 3 4
4 3 9 0 0 6 6 0 5
0 2 3 0 5 4 7 9 0
6 5 2 7 4 3 1 5 8
7 1 7 8 1 2 5 4 3
3 8 4 5 6 1 2 6 9

6 squares left
('assignments for', 'E5')
4 9 1 6 7 8 3 2 5
3 2 2 5 4 4 7 8 6
5 5 3 3 2 1 4 7 1
7 4 5 2 1 6 8 3 4
4 3 9 0 5 6 6 0 5
0 2 3 0 5 4 7 9 0
6 5 2 7 4 3 1 5 8
7 1 7 8 1 2 5 4 3
3 8 4 5 6 1 2 6 9

5 squares left
('assignments for', 'E8')
4 9 1 6 7 8 3 2 5
3 2 2 5 4 4 7 8 6
5 5 3 3 2 1 4 7 1
7 4 5 2 1 6 8 3 4
4 3 9 0 5 6 6 1 5
0 2 3 0 5 4 7 9 0
6 5 2 7 4 3 1 5 8
7 1 7 8 1 2 5 4 3
3 8 4 5 6 1 2 6 9

4 squares left
('assignments for', 'E4')
4 9 1 6 7 8 3 2 5
3 2 2 5 4 4 7 8 6
5 5 3 3 2 1 4 7 1
7 4 5 2 1 6 8 3 4
4 3 9 4 5 6 6 1 5
0 2 3 0 5 4 7 9 0
6 5 2 7 4 3 1 5 8
7 1 7 8 1 2 5 4 3
3 8 4 5 6 1 2 6 9

3 squares left
('assignments for', 'F4')
4 9 1 6 7 8 3 2 5
3 2 2 5 4 4 7 8 6
5 5 3 3 2 1 4 7 1
7 4 5 2 1 6 8 3 4
4 3 9 4 5 6 6 1 5
0 2 3 3 5 4 7 9 0
6 5 2 7 4 3 1 5 8
7 1 7 8 1 2 5 4 3
3 8 4 5 6 1 2 6 9

2 squares left
('assignments for', 'F9')
4 9 1 6 7 8 3 2 5
3 2 2 5 4 4 7 8 6
5 5 3 3 2 1 4 7 1
7 4 5 2 1 6 8 3 4
4 3 9 4 5 6 6 1 5
0 2 3 3 5 4 7 9 2
6 5 2 7 4 3 1 5 8
7 1 7 8 1 2 5 4 3
3 8 4 5 6 1 2 6 9

1 squares left
('assignments for', 'F1')
4 9 1 6 7 8 3 2 5
3 2 2 5 4 4 7 8 6
5 5 3 3 2 1 4 7 1
7 4 5 2 1 6 8 3 4
4 3 9 4 5 6 6 1 5
1 2 3 3 5 4 7 9 2
6 5 2 7 4 3 1 5 8
7 1 7 8 1 2 5 4 3
3 8 4 5 6 1 2 6 9























































4 9 1 6 7 8 3 2 5
3 2 2 5 4 4 7 8 6
5 5 3 3 2 1 4 7 1
7 4 5 2 1 6 8 3 4
4 3 9 4 5 6 6 1 5
1 2 3 3 5 4 7 9 2
6 5 2 7 4 3 1 5 8
7 1 7 8 1 2 5 4 3
3 8 4 5 6 1 2 6 9
